[ 138.  174.  163.  162.  217.  212.  180.  202.  201.  197.  195.  168.
  187.  203.  212.  213.  218.  215.  216.  212.  152.  173.  193.  163.
  199.  198.  184.  193.  197.  185.  174.  188.  201.  216.  224.  133.
  164.  218.  214.  216.  214.  220.  198.  208.  203.  217.  184.  199.
  191.  196.  194.  207.  212.  191.  200.  206.  208.  224.  216.  164.
  178.  199.  212.  204.  207.  210.  213.  213.  219.  223.  203.  209.
  195.  212.  201.  145.  194.  199.  190.  184.  176.  201.  208.  197.
  158.  215.  219.  226.  232.  184.  186.  191.  221.  196.  202.  207.
  214.  204.  217.  223.  216.  212.  216.  217.  181.  196.  201.  190.
  189.  169.  191.  209.  190.  124.  217.  222.  233.  186.  189.  182.
  220.  191.  201.  203.  209.  204.  218.  224.  219.  217.  223.  197.
  197.  195.  185.  190.  181.  193.  199.  168.  132.  202.  229.  208.
  188.  182.  218.  185.  204.  200.  208.  209.  213.  213.  216.  204.
  218.  189.  198.  191.  186.  181.  183.  186.  178.  177.  141.  202.
  190.  188.  217.  200.  210.  218.  213.  214.  199.  190.  197.  192.
  190.  185.  186.  183.  177.  164.  208.  194.  212.  189.  178.  185.
  192.  191.  190.  178.  161.  185.  188.  187.  188.  185.  173.  136.
  171.  180.  181.  193.  194.  197.  179.  208.  188.  190.  201.  187.
  204.  200.  202.  209.  212.  153.  182.  183.  179.  173.  216.  181.
  186.  204.  187.  193.  200.  203.  203.  210.  219.  175.  194.  186.
  184.  185.  143.  216.  177.  190.  201.  182.  215.  215.  171.  195.
  208.  204.  203.  208.  210.  179.  183.  191.  184.  185.  193.  164.
  217.  182.  197.  199.  205.  198.  206.  217.  130.  178.  197.  212.
  203.  199.  209.  210.  174.  188.  181.  181.  196.  178.  211.  181.
  200.  204.  202.  186.  196.  211.  158.  153.  162.  187.  207.  209.
  199.  208.  209.  212.  181.  186.  183.  182.  196.  177.  208.  181.
  201.  203.  198.  192.  183.  205.  204.  190.  170.  197.  191.  206.
  203.  199.  195.  211.  182.  188.  180.  201.  200.  172.  204.  180.
  198.  187.  191.  189.  209.  204.  215.  190.  189.  152.  196.  188.
  197.  209.  199.  190.  191.  199.  212.  166.  205.  172.  201.  200.
  201.  201.  216.  185.  189.  120.  168.  178.  181.  201.  188.  197.
  202.  217.  164.  201.  167.  196.  209.  214.  220.  151.  168.  175.
  186.  186.  203.  219.  149.  203.  174.  204.  206.  220.  161.  167.
  164.  145.  128.  201.  171.  192.  185.  168.  164.  157.  144.][ 197.  191.  192.  180.  157.  191.  196.  183.  188.  190.  156.  194.
  172.  167.  177.  196.  199.  179.  184.  200.  175.  133.  166.  191.
  210.  105.  186.  193.  217.  127.  182.  201.  184.  183.  196.  171.
  177.  189.  190.  188.  199.  219.  179.  185.  180.  188.  200.  194.
  217.  161.  199.  187.  173.  179.  175.  149.  193.  193.  188.  198.
  209.  208.  219.  188.  117.  195.  208.  221.  198.  203.  199.  219.
  193.  189.  192.  151.  162.  168.  153.  105.  151.  183.  210.  216.
  213.  218.  216.  217.  143.  155.  199.  193.  212.  207.  225.  216.
  215.  205.  143.  180.  173.  156.  159.  168.   86.  184.  217.  218.
  215.  212.  208.  180.   99.  168.  198.  193.  208.  210.  198.  214.
  194.  191.  154.  181.  142.  158.  181.  213.  214.  209.  204.  201.
  176.  125.  175.  207.  204.  203.  204.  213.  162.  167.  177.  160.
  176.  146.  171.  175.  209.  209.  198.  196.  163.  132.  188.  205.
  201.  188.  185.  201.  164.  143.  166.  156.  178.  164.   99.  191.
  184.  175.  141.  118.  180.  194.  185.  178.  172.  187.  139.  157.
  139.  139.  126.  132.  161.  163.  167.  160.  198.  187.  166.  142.
  108.  178.  124.  128.  142.  158.  158.  169.  166.  159.  133.  149.
  210.  213.  211.  214.  208.  146.  197.  176.  178.  188.  182.  171.
  193.  199.  207.  206.  181.  114.  130.  206.  204.  208.  208.  210.
  204.  137.  210.  198.  172.  198.  186.  145.  177.  176.  174.  182.
  203.  198.  157.   97.  201.  210.  206.  206.  190.  202.  203.  119.
  217.  202.  197.  217.  168.  176.  179.  175.  176.  185.  202.  213.
  161.  186.  216.  212.  202.  197.  190.  165.  214.  198.  201.  219.
  191.  201.  209.  203.  202.  199.  200.  191.  189.  206.  120.  177.
  201.  200.  186.  170.  213.  201.  215.  139.  167.  190.  204.  199.
  109.  142.  156.  215.  201.  206.  211.  192.  199.  193.  134.  148.
  161.  197.  174.  199.  168.  162.  166.  172.  180.  166.  193.  211.
  223.  216.  216.  193.  187.  149.  180.  195.  207.  210.  205.  209.
  216.  221.  222.  218.  190.  218.  194.  198.  143.  193.  192.  194.
  218.  210.  218.  221.  215.  214.  209.  210.  212.  210.  166.  206.
  206.  197.  211.  184.  209.  213.  203.  221.  208.  223.  218.  211.
  215.  210.  210.  211.  215.  206.  205.  200.  218.  223.  201.  215.
  209.  205.  201.  223.  212.  215.  217.  216.  209.  211.  215.  205.
  134.  196.  189.  210.  220.  175.  209.  222.  216.  167.  196.  216.
  210.  207.  212.  195.  176.  116.  173.  169.  200.  127.  181.  205.
  208.  201.  177.  110.  159.  156.  150.  170.  135.]