[ 177.  220.  212.  198.  248.  240.  224.  252.  253.  249.  246.  213.
  232.  239.  241.  245.  255.  252.  249.  240.  198.  221.  235.  211.
  254.  254.  239.  243.  243.  224.  229.  240.  247.  253.  253.  176.
  200.  254.  252.  254.  252.  253.  238.  253.  249.  255.  233.  254.
  252.  254.  249.  255.  253.  239.  246.  248.  245.  255.  237.  212.
  222.  234.  237.  250.  252.  252.  254.  254.  254.  250.  241.  253.
  242.  255.  233.  190.  245.  254.  250.  247.  237.  255.  253.  232.
  196.  253.  254.  255.  255.  231.  230.  230.  248.  249.  252.  254.
  255.  248.  255.  254.  254.  255.  255.  252.  230.  249.  255.  250.
  252.  233.  251.  255.  229.  155.  246.  250.  254.  231.  235.  224.
  249.  245.  253.  254.  255.  250.  255.  255.  255.  254.  254.  251.
  254.  254.  247.  254.  245.  255.  253.  212.  153.  223.  247.  251.
  235.  228.  253.  236.  254.  248.  255.  254.  255.  255.  253.  235.
  247.  241.  254.  253.  252.  249.  252.  253.  239.  231.  185.  244.
  240.  236.  255.  238.  248.  255.  251.  250.  235.  245.  255.  253.
  254.  252.  255.  250.  238.  220.  251.  238.  248.  250.  243.  250.
  255.  255.  253.  239.  218.  249.  253.  252.  249.  244.  228.  187.
  220.  227.  235.  245.  242.  242.  224.  247.  230.  230.  236.  241.
  255.  249.  246.  249.  252.  189.  241.  245.  244.  237.  252.  221.
  226.  239.  213.  241.  252.  254.  250.  253.  255.  206.  253.  251.
  252.  250.  175.  253.  217.  229.  233.  208.  252.  250.  202.  235.
  255.  253.  253.  255.  255.  215.  241.  255.  255.  252.  248.  196.
  254.  220.  236.  231.  253.  245.  248.  252.  185.  223.  231.  254.
  251.  247.  255.  254.  214.  252.  252.  250.  253.  210.  247.  221.
  238.  234.  255.  241.  247.  252.  211.  210.  216.  234.  244.  251.
  247.  255.  254.  251.  214.  247.  254.  254.  255.  210.  247.  223.
  239.  233.  255.  254.  240.  253.  247.  239.  219.  243.  229.  250.
  253.  252.  246.  255.  217.  255.  250.  255.  245.  208.  244.  222.
  238.  218.  251.  246.  255.  241.  254.  234.  231.  199.  250.  246.
  254.  255.  242.  251.  255.  253.  253.  203.  247.  216.  241.  254.
  255.  247.  254.  222.  224.  166.  222.  236.  239.  255.  236.  254.
  250.  255.  201.  242.  211.  236.  255.  255.  255.  202.  224.  231.
  241.  234.  241.  250.  185.  244.  216.  242.  242.  251.  208.  215.
  212.  188.  162.  238.  209.  227.  217.  200.  193.  183.  171.][ 241.  238.  237.  220.  203.  234.  242.  231.  234.  231.  205.  234.
  199.  206.  209.  238.  246.  230.  235.  243.  210.  190.  216.  234.
  244.  129.  228.  232.  249.  152.  223.  249.  237.  238.  243.  209.
  227.  239.  243.  237.  246.  255.  210.  230.  217.  224.  239.  231.
  247.  184.  248.  242.  230.  231.  217.  185.  234.  239.  234.  245.
  254.  249.  254.  219.  176.  246.  252.  253.  230.  239.  233.  248.
  216.  236.  250.  212.  217.  212.  179.  137.  187.  223.  251.  254.
  252.  255.  254.  255.  176.  214.  253.  241.  250.  238.  254.  246.
  242.  226.  186.  236.  235.  211.  203.  194.  118.  219.  252.  255.
  254.  253.  253.  221.  128.  223.  252.  243.  255.  251.  233.  243.
  219.  212.  205.  237.  196.  200.  206.  245.  251.  252.  251.  251.
  223.  159.  223.  255.  254.  254.  252.  255.  199.  192.  202.  180.
  225.  192.  210.  196.  246.  251.  246.  248.  211.  166.  230.  253.
  253.  243.  236.  246.  199.  162.  205.  193.  210.  183.  134.  231.
  231.  224.  187.  150.  222.  247.  241.  233.  220.  224.  168.  182.
  179.  181.  165.  179.  214.  216.  214.  201.  238.  225.  201.  173.
  132.  219.  172.  179.  193.  206.  195.  203.  199.  191.  163.  194.
  255.  255.  255.  255.  242.  175.  235.  221.  227.  235.  224.  217.
  238.  244.  253.  248.  222.  149.  175.  251.  252.  255.  255.  255.
  246.  171.  246.  240.  217.  243.  225.  199.  232.  232.  232.  238.
  254.  244.  195.  138.  244.  255.  252.  254.  243.  252.  245.  151.
  255.  244.  239.  254.  219.  229.  236.  235.  234.  240.  252.  255.
  198.  224.  254.  255.  255.  249.  235.  202.  255.  241.  239.  249.
  230.  240.  251.  250.  255.  252.  254.  241.  231.  243.  149.  212.
  248.  248.  227.  203.  254.  242.  253.  184.  210.  231.  240.  230.
  146.  172.  181.  255.  241.  240.  247.  226.  234.  236.  182.  192.
  197.  223.  209.  243.  217.  205.  199.  212.  227.  214.  238.  249.
  252.  241.  252.  235.  232.  198.  223.  230.  236.  251.  250.  250.
  254.  253.  253.  252.  222.  254.  233.  237.  188.  238.  237.  235.
  254.  242.  253.  255.  254.  255.  251.  254.  253.  248.  197.  239.
  244.  235.  244.  221.  248.  252.  240.  255.  237.  254.  254.  253.
  255.  255.  255.  254.  253.  238.  243.  239.  255.  253.  231.  251.
  245.  237.  227.  242.  248.  253.  255.  255.  252.  254.  253.  239.
  160.  235.  228.  245.  248.  204.  239.  248.  235.  198.  231.  254.
  251.  250.  252.  231.  208.  140.  215.  211.  236.  160.  218.  243.
  246.  238.  209.  136.  195.  193.  182.  200.  164.]