[ 185.  231.  226.  208.  251.  241.  231.  255.  255.  255.  255.  226.
  245.  249.  246.  250.  255.  255.  252.  241.  206.  227.  240.  217.
  255.  255.  244.  249.  250.  232.  244.  252.  255.  255.  255.  195.
  216.  255.  255.  255.  254.  255.  243.  255.  250.  255.  243.  255.
  255.  255.  252.  255.  255.  245.  253.  253.  249.  255.  239.  230.
  239.  248.  247.  255.  255.  255.  255.  255.  255.  254.  243.  252.
  239.  252.  232.  201.  255.  255.  255.  251.  239.  255.  255.  235.
  200.  255.  255.  255.  255.  245.  243.  239.  255.  255.  255.  255.
  255.  249.  255.  255.  254.  252.  252.  248.  240.  255.  255.  255.
  255.  234.  251.  255.  231.  158.  250.  251.  255.  244.  246.  231.
  255.  252.  255.  255.  255.  251.  255.  255.  254.  252.  251.  255.
  255.  255.  253.  255.  246.  255.  253.  213.  155.  224.  248.  255.
  243.  235.  255.  246.  255.  254.  255.  255.  255.  254.  251.  234.
  244.  247.  255.  255.  255.  254.  255.  255.  241.  231.  184.  251.
  246.  240.  255.  243.  252.  255.  253.  250.  235.  250.  255.  255.
  255.  255.  255.  251.  240.  221.  254.  239.  248.  252.  244.  251.
  255.  255.  255.  243.  220.  250.  254.  253.  251.  246.  231.  190.
  236.  241.  246.  255.  254.  253.  235.  255.  242.  242.  246.  248.
  255.  255.  253.  254.  255.  195.  255.  255.  255.  248.  255.  233.
  238.  249.  220.  247.  255.  255.  254.  255.  255.  209.  255.  255.
  255.  255.  181.  255.  229.  238.  244.  215.  255.  254.  211.  240.
  255.  255.  253.  255.  255.  215.  246.  255.  255.  255.  251.  202.
  255.  232.  245.  242.  255.  249.  253.  255.  200.  234.  237.  255.
  253.  249.  255.  253.  213.  255.  255.  253.  255.  216.  255.  233.
  250.  245.  255.  244.  250.  255.  224.  225.  227.  242.  248.  255.
  251.  255.  255.  253.  217.  251.  255.  254.  255.  219.  255.  235.
  251.  244.  255.  254.  241.  255.  255.  249.  227.  250.  233.  255.
  255.  255.  249.  255.  220.  255.  250.  255.  248.  216.  255.  235.
  250.  227.  251.  247.  255.  245.  255.  241.  236.  207.  255.  251.
  255.  255.  245.  253.  255.  254.  255.  211.  255.  229.  253.  254.
  255.  248.  255.  226.  228.  173.  229.  241.  244.  255.  238.  253.
  251.  255.  209.  251.  224.  248.  255.  255.  255.  205.  229.  236.
  244.  236.  243.  251.  193.  253.  229.  254.  242.  252.  212.  219.
  216.  191.  168.  246.  221.  237.  223.  211.  202.  189.  181.][ 255.  255.  255.  238.  221.  251.  255.  249.  252.  246.  221.  246.
  209.  220.  220.  250.  255.  246.  251.  255.  223.  205.  228.  243.
  250.  135.  240.  241.  255.  156.  232.  255.  250.  253.  255.  221.
  239.  251.  253.  245.  250.  255.  213.  243.  225.  234.  248.  239.
  252.  186.  255.  255.  245.  244.  230.  195.  243.  246.  241.  249.
  255.  251.  255.  220.  186.  255.  255.  255.  236.  247.  239.  252.
  218.  244.  255.  226.  230.  225.  191.  143.  193.  228.  254.  255.
  254.  255.  255.  255.  179.  223.  255.  247.  254.  241.  255.  251.
  246.  227.  195.  247.  246.  224.  216.  206.  123.  223.  255.  255.
  255.  255.  255.  224.  133.  230.  255.  249.  255.  254.  237.  247.
  223.  213.  215.  248.  207.  212.  216.  250.  255.  255.  255.  255.
  227.  165.  229.  255.  255.  255.  255.  255.  203.  196.  206.  181.
  235.  203.  219.  204.  250.  255.  250.  255.  217.  172.  235.  255.
  255.  246.  239.  249.  203.  165.  214.  201.  216.  188.  138.  236.
  235.  232.  194.  156.  227.  250.  246.  236.  224.  228.  175.  186.
  184.  188.  173.  183.  217.  219.  218.  210.  243.  229.  204.  176.
  138.  234.  190.  199.  213.  224.  209.  216.  208.  197.  168.  198.
  255.  255.  255.  255.  248.  184.  247.  235.  243.  249.  237.  234.
  252.  255.  255.  253.  225.  152.  179.  254.  254.  255.  255.  255.
  253.  177.  255.  252.  230.  254.  234.  216.  247.  243.  238.  243.
  255.  245.  195.  141.  247.  255.  253.  255.  246.  255.  250.  156.
  255.  251.  246.  255.  235.  242.  245.  241.  239.  243.  252.  254.
  196.  226.  255.  255.  255.  255.  239.  206.  255.  244.  243.  254.
  239.  248.  255.  254.  255.  255.  255.  241.  230.  241.  153.  215.
  252.  252.  230.  206.  255.  244.  253.  187.  213.  233.  240.  229.
  150.  177.  185.  254.  240.  240.  247.  226.  244.  251.  188.  199.
  205.  230.  219.  255.  233.  226.  218.  217.  231.  218.  242.  254.
  255.  245.  255.  247.  245.  214.  238.  240.  243.  254.  253.  253.
  255.  255.  255.  252.  221.  255.  241.  246.  201.  251.  248.  244.
  255.  248.  255.  255.  255.  255.  250.  255.  255.  250.  200.  242.
  248.  240.  253.  229.  255.  255.  248.  255.  242.  255.  254.  252.
  255.  255.  255.  255.  255.  244.  245.  241.  255.  255.  236.  255.
  251.  243.  233.  247.  248.  253.  255.  255.  255.  255.  255.  245.
  166.  237.  230.  248.  249.  209.  244.  254.  242.  199.  234.  255.
  254.  253.  255.  237.  213.  146.  214.  210.  236.  163.  222.  247.
  250.  242.  214.  142.  195.  191.  187.  205.  169.]